
====== data_tree1_HKY2_1.0.bg
Prob. Distr: 
0.25	0.25	0.25	0.25
Tree:
((((SPECIES_0:0.2,SPECIES_1:0.2):0.2,SPECIES_2:0.2):0.2,SPECIES_3:0.2):0.2,SPECIES_4:0.2)
Evolutionary Model: 
HKY(2)  # transversion are 2 times larger than transitions
LENGTH:
300 to 400
Number of alignments: 750

====== data_tree1_HKY2_1.0.fg
=== Flanking alignments
Prob. Distr:
0.25    0.25    0.25    0.25
Tree:
((((SPECIES_0:0.2,SPECIES_1:0.2):0.2,SPECIES_2:0.2):0.2,SPECIES_3:0.2):0.2,SPECIES_4:0.2)
#Evolutionary Model:
HKY(2) # transversion are 2 times larger than transitions
Length:
300 to 400
Number of alignments: 
750
Zoops: 
1.0

=== Motif alignments
PWM (probability distributions):
0.1913  0.3547  0.0488  0.4053
0.177   0.2013  0.4691  0.1526
0.1024  0.4873  0.0093  0.401
0.5125  0.3499  0.0423  0.0954
0.2194  0.2467  0.0962  0.4378
0.4473  0.0886  0.4451  0.0191
0.2472  0.4593  0.1288  0.1648
0.3244  0.1188  0.4615  0.0953
0.3406  0.1483  0.4846  0.0264
0.1677  0.21    0.4582  0.1641
Tree:
((((SPECIES_0:0.2,SPECIES_1:0.2):0.2,SPECIES_2:0.2):0.2,SPECIES_3:0.2):0.2,SPECIES_4:0.2)
Evolutionary Model:
HKY(2) # transversion are 2 times larger than transitions


====== data_tree1_HKY0.5_1.0.bg
Prob. Distr:
0.25    0.25    0.25    0.25
Tree:
((((SPECIES_0:0.4,SPECIES_1:0.4):0.4,SPECIES_2:0.4):0.4,SPECIES_3:0.4):0.4,SPECIES_4:0.4)
Evolutionary Model:
HKY(0.5)  # transversion are by a factor 2 smaller than transitions
LENGTH:
300 to 400
Number of alignments: 750

====== data_tree1_HKY0.5_1.0.fg
=== Flanking alignments
Prob. Distr:
0.25    0.25    0.25    0.25
Tree:
((((SPECIES_0:0.4,SPECIES_1:0.4):0.4,SPECIES_2:0.4):0.4,SPECIES_3:0.4):0.4,SPECIES_4:0.4)
Evolutionary Model:
HKY(0.5)  # transversion are by a factor 2 smaller than transitions
Length:
300 to 400
Number of alignments:
750
Zoops:
1.0

=== Motif alignments
PWM (probability distributions):
0.4543  0.3206  0.1899  0.0352
0.0354  0.6319  0.1433  0.1894
0.0094  0.3058  0.1161  0.5687
0.1083  0.5382  0.0021  0.3514
0.0535  0.2081  0.1838  0.5546
0.1109  0.6442  0.0886  0.1562
0.2926  0.0044  0.074   0.6289
0.1589  0.1605  0.2275  0.4531
0.4535  0.265   0.0253  0.2562
0.361   0.1644  0.0299  0.4448
Tree:
((((SPECIES_0:0.4,SPECIES_1:0.4):0.4,SPECIES_2:0.4):0.4,SPECIES_3:0.4):0.4,SPECIES_4:0.4)
Evolutionary Model:
HKY(0.5)  # transversion are by a factor 2 smaller than transitions

